48869.47429
111087.72096
60749.25233
147364.26470
47170.66325
53182.16152
111937.03272
30413.72990
108361.80643
99912.59700
105421.99975
113037.62784
86600.90502
53823.56914
91568.09039
135098.22049
9930.71840
63029.66310
97452.63109
62343.02741
125423.17496
67038.25472
59846.77335
8477.55566
20684.52198
91397.23190
122496.43040
89322.05648
104502.47903
1177.23459
141256.72888
115907.14677
117291.51151
65960.06658
88356.40498
7083.40792
119729.85788
104426.68388
112298.96143
82819.99695
110101.19050
80383.53807
19220.38847
75980.87173
22177.02856
14362.15163
84057.79633
23159.36894
107216.47784
43808.08828
123301.85091
54649.38484
89985.23217
5279.44371
47864.91783
98047.93015
61318.61248
11531.28282
57606.05354
86344.41674
14446.45146
106819.89851
76883.20394
108270.05935
103745.45810
37418.41991
90270.81662
26555.06327
6045.19640
144138.77055
80102.85960
36676.72154
128896.54819
41463.68557
84564.63000
101793.84254
114622.76312
1469.63493
95335.38985
107685.13770
35239.92658
62107.09736
22727.24236
95527.64738
97070.22567
1886.52632
100446.64596
29631.11195
35509.05549
37074.63604
39924.15111
87334.01026
51999.39442
70342.17518
126889.95117
34280.33343
68579.11213
98648.66857
7622.53946
84980.91247
12809.39640
70595.77941
2743.29088
85329.43460
46515.58064
45694.92196
11305.67957
7029.79761
53922.61846
46142.59887
124974.09215
33463.41051
29090.98866
57811.21570
122942.91255
110508.44652
138557.19754
73472.69005
102964.28365
28465.67613
14281.62563
137843.86581
8811.45434
110164.34713
53605.76435
90069.70225
146460.36726
106275.62200
72605.55501
65841.69175
79959.39647
109247.64880
83462.76229
34033.49024
76786.99314
85257.87681
66996.62375
54998.75500
132283.94882
111193.30227
98209.59748
101430.33279
5115.18381
23355.31797
102727.76571
100811.30857
32168.20900
70979.86730
124180.94294
137672.78057
62162.90479
42312.71620
122768.82133
23845.87169
21742.28830
121296.04258
117365.05415
5206.80185
108799.96118
99894.04187
73311.78284
111176.92215
8679.06894
72679.57590
95500.96102
78780.49659
37484.25816
124517.87546
91892.46393
69788.69928
46069.99188
78593.77410
116889.43700
77872.75729
96817.39051
106703.60851
33208.95744
41337.10425
106799.63577
58399.88161
66299.61804
141260.18601
148618.62932
99679.57513
142923.18778
99232.71621
76224.76568
55483.23702
119763.99281
97797.49216
24371.89237
91696.36066
95801.61828
86359.20641
3053.20542
26793.70266
126605.83593
94387.73229
56374.14468
121161.34755
58372.80208
46159.03416
40453.97388
135781.91807
64230.33659
3266.04156
-904.48342
65873.95681
115197.42934
54665.98703
106968.04164
131993.99724
97971.09137
25545.85091
34532.54594
144149.99927
77315.57175
144615.56011
139793.39484
62153.75912
110420.85879
114234.66656
108606.49850
69220.13623
40704.09100
56851.54240
91927.24003
85577.70355
2867.98193
111406.14728
16256.57833
37099.62943
20530.91754
107258.90592
108966.20459
89096.23824
129063.69714
90708.66732
113475.63296
126967.17937
22561.38785
137107.88716
98037.16797
18459.74622
23996.76212
22067.85832
51074.01240
57316.78335
40765.45932
70146.95898
137875.81514
119618.71616
91004.99345
84969.86147
31648.55722
57771.47931
29712.86772
29567.40365
36835.40658
106493.76179
59419.64138
55464.29282
148470.90084
62835.85714
99932.09149
93399.70952
81823.10563
127592.09513
59320.47943
140973.02732
106853.29151
141441.38054
63791.81400
47559.98166
92521.25946
131261.44242
40147.94311
99350.14376
48294.95284
53691.78007
127422.03145
98171.85659
28975.34705
94696.83395
118427.55432
123643.19379
128841.94373
134032.45104
36272.86855
139691.27790
59042.58417
38431.28737
72144.56702
114430.34828
141776.27884
68187.81634
40456.47753
36400.04048
135429.21307
71763.05761
67815.76269
28592.85218
46992.30844
44259.90386
71304.62323
24923.79244
33701.53489
10313.33046
74668.17503
128782.88636
121803.43723
120762.90653
1802.55154
38145.67996
145565.82878
98699.34231
33785.51397
43445.74036
12473.10754
110710.29674
130117.27353
21368.05115
60188.20154
51350.46478
62490.44780
74371.15780
92524.24578
49149.89995
2321.51884
37262.16397
26165.19662
138868.22943
117695.46403
135669.27677
44509.61760
6299.44089
25794.18488
126137.46069
6003.94369
3360.05445
6954.64997
93899.70838
98952.11869
110575.44968
71765.33917
136199.14710
21770.77758
97574.60896
102567.32504
75114.64026
69385.10310
105120.00246
60723.57170
104007.08434
34311.82269
26756.89005
144186.14679
135990.06947
37560.45344
61109.33310
84603.08261
36828.57749
19545.37570
40424.26105
31868.92346
73670.34384
68354.31691
56339.91021
82257.02771
131407.10346
3176.96319
91961.48123
41583.94054
71277.01034
74597.56773
107302.95419
43286.44238
42028.18582
98485.27613
87003.54549
88927.62329
136315.34638
41569.52650
12053.11996
23490.08575
72907.87237
8896.19395
56079.91470
139939.66953
119680.93141
23038.95608
126252.26604
73180.85392
99267.55004
13455.72677
127263.20038
49006.46388
66256.78410
110419.59079
56449.29344
132346.60448
23000.76268
22680.09337
4439.78463
119621.18262
62348.38905
139759.32097
120953.74927
87065.81716
135585.20158
28498.34933
81393.60923
125195.60973
136705.87782
88215.32685
11467.66167
104926.54263
146236.20354
130362.79994
135893.74966
46492.20194
50170.99546
117717.66311
21167.49171
56205.10769
97884.51356
15225.12948
100595.16260
111753.84126
57888.64210
29271.37490
36372.64987
138692.08131
2623.99087
144648.92983
79639.73146
17740.06692
148941.42754
95569.69506
6217.47660
134159.03356
148042.67230
44406.50761
62056.94656
38600.37293
133794.48737
105535.80951
30569.28900
112511.07061
28481.46712
52907.94508
109936.43041
20248.26521
102235.12287
61899.05585
61268.68099
65876.41709
133797.14593
10239.44336
44237.18977
49127.40907
130355.95575
44913.07422
59074.93868
13683.53729
8378.61077
46313.80404
88764.85262
112015.77632
18225.74283
131672.29121
267.23904
89422.43276
1746.66109
100052.00218
77802.16497
26259.30979
85046.97148
97662.23264
126767.15052
75491.46866
133092.52042
25546.22720
139358.33157
19241.87787
137585.22378
61860.89601
33620.77903
116997.20935
115636.67821
95078.59066
40064.23138
36508.90073
18063.41777
55849.81358
4403.15067
8376.38370
143817.37201
35531.96525
130718.93497
70465.45123
64354.60323
34424.77499
110622.68665
75389.53519
53776.94872
101486.16203
108976.67794
135506.89396
63282.08311
83160.28145
117464.13634
10409.14897
33786.12068
97052.07056
65101.84459
42222.21998
112686.68161
86550.63829
8755.79576
34071.21277
121638.49391
75133.29784
125041.15233
136795.65511
135923.49707
101165.08902
33971.99997
51509.46608
1748.40493
113714.24025
90669.31611
86911.91937
112079.18266
146316.86223
8003.49808
89042.12084
136901.96957
122015.67881
14922.64767
115190.58645
113648.12587
9351.27589
103464.66691
45578.29658
122934.24546
147319.01951
27520.02123
89352.03902
48121.58392
76099.21236
89419.78711
110375.05634
26941.96242
110745.58736
115809.53465
49010.83052
31647.60422
84433.04692
71536.27064
117543.63364
112911.53572
50677.35437
127651.47337
68567.40970
89063.75183
111569.65722
120662.14611
54789.11211
40727.49290
50536.96157
43331.26327
135059.45433
35654.74739
38746.56761
135786.87777
3904.62100
134479.87543
99760.26419
97595.58918
31746.59250
109300.08706
43526.73055
55367.67702
72026.81050
7129.36286
73173.15349
23933.07575
25844.05118
108778.28333
26799.01035
41723.55960
27144.85525
89724.71251
127687.00853
138401.35614
135055.21056
80793.92019
116823.52059
47506.39058
81454.04992
19741.03354
109462.03027
115178.63227
28236.17469
143682.95966
148318.95250
142166.17531
86826.15237
98128.08154
139391.60594
122329.34556
40046.03348
83745.54393
14838.23049
40565.52149
116656.79873
8107.85732
129157.17141
43505.70431
82752.02372
80120.40760
121106.18450
116823.93677
55701.49945
23345.73148
37673.21666
40945.65938
68837.16567
146324.24750
33612.29383
95235.59214
4407.89820
59017.37050
135146.87789
126940.33458
70004.11274
30736.69076
46120.75563
105021.36110
53766.84923
73871.45010
42784.00283
87204.95677
126286.95140
53967.21687
13921.72403
59567.21148
57899.84237
89890.74220
44085.27455
74869.42880
117270.17013
104287.46145
56543.40914
13530.96968
88378.41980
114978.58422
44863.38830
20165.11304
28521.55799
52174.37220
63345.56518
-820.52357
2864.39394
67673.03156
146174.55292
111312.26818
11452.45481
7155.44609
127812.25934
13310.14554
6471.75953
125248.22767
127664.32658
10591.27168
89492.05176
10765.25420
71674.89350
91709.60657
97634.78777
3616.44433
119180.63890
4536.00192
51310.14691
29717.59804
138960.01212
71163.80310
148934.23453
107926.92054
121487.13617
31223.68324
147401.33871
111906.23200
11879.36509
-268.00296
95427.20961
67209.30178
5503.35976
110900.47758
81454.04992
19741.03354
109462.03027
115178.63227
28236.17469
143682.95966
148318.95250
142166.17531
86826.15237
98128.08154
139391.60594
122329.34556
40046.03348
83745.54393
14838.23049
40565.52149
116656.79873
8107.85732
129157.17141
43505.70431
82752.02372
80120.40760
121106.18450
116823.93677
55701.49945
23345.73148
37673.21666
40945.65938
68837.16567
146324.24750
33612.29383
95235.59214
4407.89820
59017.37050
135146.87789
126940.33458
70004.11274
30736.69076
46120.75563
105021.36110
53766.84923
73871.45010
42784.00283
87204.95677
126286.95140
53967.21687
13921.72403
59567.21148
57899.84237
89890.74220
44085.27455
74869.42880
117270.17013
104287.46145
56543.40914
13530.96968
88378.41980
114978.58422
44863.38830
20165.11304
28521.55799
52174.37220
63345.56518
-820.52357
2864.39394
67673.03156
146174.55292
111312.26818
11452.45481
7155.44609
127812.25934
13310.14554
6471.75953
125248.22767
127664.32658
10591.27168
89492.05176
10765.25420
71674.89350
91709.60657
97634.78777
3616.44433
119180.63890
4536.00192
51310.14691
29717.59804
138960.01212
71163.80310
148934.23453
107926.92054
121487.13617
31223.68324
147401.33871
111906.23200
11879.36509
-268.00296
95427.20961
67209.30178
5503.35976
110900.47758
51448.75794
10184.39657
133095.80515
8122.08799
127881.57898
128004.31282
84699.32240
134393.98532
120196.44017
43861.86082
140146.39662
48515.61788
10827.71566
2669.51756
112787.57729
61893.13789
67980.51882
147707.18599
69017.78525
116401.05785
118284.21669
40358.90333
15668.04409
143431.09413
115864.19919
121856.25906
117152.68255
91189.35611
125104.33598
148191.29952
29526.35476
19382.06660
64827.70872
103287.82820
9401.47506
61856.35840
66139.02104
67146.31509
26440.71020
74863.23906
86097.24632
57928.91937
130386.64228
636.52173
106983.38603
23842.36505
4502.48701
50459.93160
17773.63327
38625.67724
46636.47517
34418.50333
17624.57538
99976.99646
124797.06517
100297.49681
90512.98030
-190.58207
41420.43987
112880.65310
14580.05643
136025.69312
42930.55015
87487.24811
128215.09716
76734.74569
148107.49869
19980.72703
48237.00188
78245.80626
116058.49811
3644.18410
115279.17214
44492.23100
75115.43485
32134.64370
109754.94310
65617.98503
28063.99040
47194.70321
2389.06153
73877.63979
116684.47276
149940.18248
59044.83526
84360.30470
102810.48173
139833.05835
141052.83348
19511.65022
58610.00805
128291.39095
131835.20756
31462.70298
9067.09597
142096.58739
111967.17856
43600.70495
109190.79444
129586.93275
94327.71217
101680.94920
54316.18471
38683.80706
109667.84582
18686.33020
34866.55045
114208.10000
102629.41208
104102.43108
103649.60060
126637.48168
16726.97552
147419.97363
56632.08468
125817.70859
98925.85070
-351.91567
57451.38221
142392.14597
127220.10356
54215.85919
38139.19163
147247.59914
86256.18063
148863.12498
37683.74138
142386.15945
137360.44915
101271.16971
48248.54468
15702.13522
131453.45973
3166.03510
9329.31771
71068.39494
18836.99092
98370.61447
146268.22154
95978.55902
12228.64835
121810.97741
84832.98836
26090.00665
46418.20492
130863.91572
136256.98919
28714.36750
96820.80448
118858.90509
67909.84004
77311.07858
8226.21565
44137.25118
79595.81964
47245.92553
140776.56986
136786.48756
1247.51266
106394.50669
55778.99178
112043.58936
142358.33320
18679.21366
46170.47106
100060.05005
53761.43162
39551.56474
104526.97837
55816.39375
80524.20693
2262.04693
70854.37258
64216.48507
105497.54524
7556.65523
34958.97405
34710.65794
139612.72914
69311.04036
91675.27392
147429.90250
29600.79844
25107.49152
149274.37735
2472.86583
118407.67744
138336.80665
138930.41768
140491.58349
132246.93106
15949.56733
32059.13012
70920.59892
107443.13727
21630.77651
90377.00702
94021.24477
6456.88386
108647.60385
